+201018188573
+201022723847
+201014965477
+201224004301
+201001151865
+201202010771
+201014911995
+201027743871
+201069115783
+201050607318
+201006461307
+201004050993
+201121632278
+201011270718
+201155272040
+201066795415
+201282131253
+201271876210
+201227879085
+201222810589
+201061785062
+201014924624
+201030152413
+201033315818
+201094936989
+201013371158
+201092253972
+201069548775
+201151727070
+201095889478
+201013752864
+201030084537
+201100036086
+201149427790
+201005135841
+201016999831
+201060500544
+201090367114
+201010324307
+201025764317
+201067284907
+201010393414
+201017016666
+201550427589
+201028701087
+201004915895
+201091606826
+201028301496
+201064109252
+201093722495
+201060853678
+201006916216
+201023560791
+201063098170
+201023187994
+201287050724
+201004272198
+201092143158
+201068586682
+201099324646
+201016186514
+201025065031
+201018587932
+201068221981
+201018255118
+201023672340
+201094258323
+201211874971
+201015583016
+201121130074
+201006788049
+201003604925
+201001622686
+201000385072
+201029098156
+201026879051
+201559581331
+201553966915
+201068371198
+201097286274
+201007805318
+201090610596
+201274879501
+201146419258
+201288127978
+201092816574
+201275502088
+201050010605
+201064497287
+201124885294
+201019667007
+201016871408
+201024660535
+201098029797
+201033939596
+201555057083
+201030790533
+201011456581
+201030886796
+201212231955
+201004147371
+201010865802
+201061202703
+201090325548
+201094054818
+201149178135
+201002521785
+201090539706
+201064852891
+201028738756
+201552011127
+201021297842
+201555164947
+201206778900
+201090378887
+201022703118
+201007536349
+201027415406
+201029585788
+201099933066
+201012957164
+201095164194
+201029342186
+201112835491
+201065836361
+201001796464
+201007701295
+201030800309
+201029451934
+201020241790
+201017542758
+201096032314
+201015830824
+201288943120
+201556732000
+201063874313
+201064497618
+201289559510
+201229320717
+201271254705
+201018028622
+201001879224
+201022190178
+201288575912
+201002962747
+201064862308
+201558578518
+201001133743
+201023324456
+201559026640
+201019482652
+201280608567
+201016961934
+201015596634
+201004247113
+201271748104
+201017220392
+201093984578
+201020194892
+201025301314
+201006375394
+201006057819
+201016037245
+201111202728
+201015974094
+201017061208
+201062749630
+201068865786
+201211652787
+201018214630
+201028093943
+201098108318
+201204144194
+201150024929
+201002535426
+201095940398
+201099590262
+201097607514
+201019810387
+201032802945
+201023070635
+201097168683
+201014987941
+201016401153
+201029434265
+201026176652
+201220081556
+201020561221
+201554230602
+201009140863
+201092936204
+201096699184
+201200949723
+201022253107
+201559981098
+201208448486
+201025923272
+201552833743
+201026539193
+201095148261
+201061865652
+201279283927
+201224467983
+201095196765
+201272809220
+201225587265
+201020289645
+201030583739
+201286132496
+201202302880
+201226711504
+201030974151
+201206270615
+201156444699
+201024452815
+201008893742
+201066750914
+201096227957
+201002996136
+201050904403
+201013451888
+201014724268
+201286154447
+201061071219
+201095806785
+201552548602
+201068921344
+201001196781
+201000967421
+201009923216
+201008315596
+201090129844
+201063715352
+201284773277
+201032941748
+201007197866
+201000782102
+201023564233
+201102482518
+201024683542
+201091351143
+201064819581
+201060527367
+201061415565
+201032450794
+201017601059
+201129036815
+201069908517
+201060030065
+201283843147
+201011088624
+201288505632
+201147011863
+201279199949
+201011895064
+201104815352
+201200587292
+201029555400
+201150637400
+201060504984
+201117515858
+201020245679
+201095299981
+201023650457
+201021479504
+201094626768
+201205051574
+201033093716
+201001622197
+201010696970
+201117810422
+201557063125
+201557063161
+201128041093
+201066019037
+201016124385
+201067401015
+201032447986
+201067076282
+201000231191
+201002043952
+201097907390
+201016737867
+201063620425
+201009013223
+201091983911
+201025175308
+201067763145
+201017513157
+201029177567
+201032201312
+201018892126
+201033488658
+201014101194
+201018140182
+201099449623
+201015302300
+201090185822
+201090062971
+201023109768
+201551462020
+201023602669
+201066779030
+201096353069
+201553434748
+201025668229
+201091550532
+201012070351
+201030188208
+201091686901
+201011950945
+201098449697
+201064890415
+201000864730
+201019881437
+201019094071
+201004898113
+201114577987
+201096844593
+201211267088
+201211261749
+201226080956
+201061224981
+201033545253
+201145392460
+201095735331
+201032115305
+201002764509
+201010598186
+201067261196
+201273801755
+201090238587
+201013518240
+201065215754
+201094995348
+201014561416
+201017829024
+201010751361
+201211844245
+201002386216
+201007131569
+201212612434
+201025038194
+201009874619
+201091587756
+201063745930
+201389097198
+201010110268
+201123823005
+201152842311
+201201407716
+201001912165
+201065853428
+201021234764
+201555635265
+201099530911
+201007178261
+201069762761
+201004202775
+201032456807
+201096961816
+201551769613
+20101186238
+201001335934
+201018084656
+201553252656
+201063743358
+201092421728
+201501831830
+201021239565
+201061689844
+201285399623
+201552332118
+201025677837
+201019958669
+201030849039
+201063614871
+201091197218
+201117378458
+201023785248
+201553138435
+201067068331
+201288641599
+201024995976
+201069895409
+201208369296
+2010606073
+201206449523
+201094241174
+20103012221
+201024603650
+201060955189
+201013835912
+201553050822
+201229870685
+201030538290
+201023195371
+201014271119
+201022478